_viz_0 = nengo_gui.components.HTMLView(nd_stim)
_viz_config[_viz_0].label_visible = True
_viz_config[_viz_0].width = 0.16891891891891891
_viz_config[_viz_0].height = 0.11123470522803114
_viz_config[_viz_0].y = 0.14735955600080825
_viz_config[_viz_0].x = 0.2260011004096951
_viz_1 = nengo_gui.components.Value(ear_Qs.output)
_viz_config[_viz_1].synapse = 0.01
_viz_config[_viz_1].max_value = 1
_viz_config[_viz_1].min_value = -1
_viz_config[_viz_1].legend_labels = [u'label_0', u'label_1', u'label_2', u'label_3']
_viz_config[_viz_1].height = 0.13211032800507128
_viz_config[_viz_1].label_visible = True
_viz_config[_viz_1].width = 0.16891312250762494
_viz_config[_viz_1].show_legend = False
_viz_config[_viz_1].y = 0.766584358141362
_viz_config[_viz_1].x = 0.4959944449722878
_viz_2 = nengo_gui.components.Slider(nd_in)
_viz_config[_viz_2].label_visible = True
_viz_config[_viz_2].width = 0.08445329606408615
_viz_config[_viz_2].x = 0.12999534963328388
_viz_config[_viz_2].y = 0.7349532870006829
_viz_config[_viz_2].max_value = 1
_viz_config[_viz_2].min_value = -1
_viz_config[_viz_2].height = 0.1357224190283401
_viz_net_graph = nengo_gui.components.NetGraph()
_viz_progress = nengo_gui.components.Progress()
_viz_config[_viz_progress].label_visible = True
_viz_config[_viz_progress].width = 100
_viz_config[_viz_progress].height = 100
_viz_config[_viz_progress].y = 0
_viz_config[_viz_progress].x = 0
_viz_sim_control = nengo_gui.components.SimControl()
_viz_config[_viz_sim_control].kept_time = 4.0
_viz_config[_viz_sim_control].shown_time = 0.5
_viz_config[ear_Qs].pos=(0.845679012345679, 0.5)
_viz_config[ear_Qs].size=(0.12345679012345678, 0.4)
_viz_config[ear_Qs].expanded=True
_viz_config[ear_Qs].has_layout=True
_viz_config[ear_Qs.ea_ensembles[0]].pos=(0.49999999999999994, 0.09090909090909091)
_viz_config[ear_Qs.ea_ensembles[0]].size=(0.09803921568627451, 0.04545454545454545)
_viz_config[ear_Qs.ea_ensembles[1]].pos=(0.49999999999999994, 0.36363636363636365)
_viz_config[ear_Qs.ea_ensembles[1]].size=(0.09803921568627451, 0.04545454545454545)
_viz_config[ear_Qs.ea_ensembles[2]].pos=(0.49999999999999994, 0.6363636363636362)
_viz_config[ear_Qs.ea_ensembles[2]].size=(0.09803921568627451, 0.04545454545454545)
_viz_config[ear_Qs.ea_ensembles[3]].pos=(0.49999999999999994, 0.9090909090909091)
_viz_config[ear_Qs.ea_ensembles[3]].size=(0.09803921568627451, 0.04545454545454545)
_viz_config[ear_Qs.input].pos=(0.12745098039215685, 0.5)
_viz_config[ear_Qs.input].size=(0.07843137254901959, 0.03636363636363636)
_viz_config[ear_Qs.output].pos=(0.872549019607843, 0.5)
_viz_config[ear_Qs.output].size=(0.07843137254901959, 0.03636363636363636)
_viz_config[ens_s].pos=(0.537037037037037, 0.5)
_viz_config[ens_s].size=(0.06172839506172839, 0.1)
_viz_config[model].pos=(0, 0)
_viz_config[model].size=(1.0, 1.0)
_viz_config[model].expanded=True
_viz_config[model].has_layout=True
_viz_config[nd_in].pos=(0.08024691358024691, 0.5)
_viz_config[nd_in].size=(0.04938271604938271, 0.08)
_viz_config[nd_stim].pos=(0.30246913580246915, 0.5)
_viz_config[nd_stim].size=(0.04938271604938271, 0.08)